Algorithm 1: Enumeration Results
1 2 4 -1 4 -10 4 -19 18 -1 -3 -4 11 3 -20 19 -33 50 66 -22 -4 -55 91 100 -102 9 10 19 -10 10 11 11 -10 -18 50 90 
50 66 -22 -4 -55 91 100 -102 9 10 19 -10 10 11 11 -10 -18 50 90 
296

Algorithm 2: Better Enumeration Results
1 2 4 -1 4 -10 4 -19 18 -1 -3 -4 11 3 -20 19 -33 50 66 -22 -4 -55 91 100 -102 9 10 19 -10 10 11 11 -10 -18 50 90 
50 66 -22 -4 -55 91 100 -102 9 10 19 -10 10 11 11 -10 -18 50 90 
296

Algorithm 3: Divide and Conquer Results
1 2 4 -1 4 -10 4 -19 18 -1 -3 -4 11 3 -20 19 -33 50 66 -22 -4 -55 91 100 -102 9 10 19 -10 10 11 11 -10 -18 50 90 
50 66 -22 -4 -55 91 100 -102 9 10 19 -10 10 11 11 -10 -18 50 90 
296

Algorithm 4: Linear Results
1 2 4 -1 4 -10 4 -19 18 -1 -3 -4 11 3 -20 19 -33 50 66 -22 -4 -55 91 100 -102 9 10 19 -10 10 11 11 -10 -18 50 90 
50 66 -22 -4 -55 91 100 -102 9 10 19 -10 10 11 11 -10 -18 50 90 
296

Algorithm 1: Enumeration Results
12 12 14 -88 -1 45 6 8 -33 2 8 -9 -33 -8 -23 -77 -89 1 9 10 92 87 
1 9 10 92 87 
199

Algorithm 2: Better Enumeration Results
12 12 14 -88 -1 45 6 8 -33 2 8 -9 -33 -8 -23 -77 -89 1 9 10 92 87 
1 9 10 92 87 
199

Algorithm 3: Divide and Conquer Results
12 12 14 -88 -1 45 6 8 -33 2 8 -9 -33 -8 -23 -77 -89 1 9 10 92 87 
1 9 10 92 87 
199

Algorithm 4: Linear Results
12 12 14 -88 -1 45 6 8 -33 2 8 -9 -33 -8 -23 -77 -89 1 9 10 92 87 
1 9 10 92 87 
199

Algorithm 1: Enumeration Results
565 78 33 9 10 84 71 -4 -22 -55 -10 76 -9 -9 -11 76 89 11 10 -33 9 
565 78 33 9 10 84 71 -4 -22 -55 -10 76 -9 -9 -11 76 89 11 10 
992

Algorithm 2: Better Enumeration Results
565 78 33 9 10 84 71 -4 -22 -55 -10 76 -9 -9 -11 76 89 11 10 -33 9 
565 78 33 9 10 84 71 -4 -22 -55 -10 76 -9 -9 -11 76 89 11 10 
992

Algorithm 3: Divide and Conquer Results
565 78 33 9 10 84 71 -4 -22 -55 -10 76 -9 -9 -11 76 89 11 10 -33 9 
565 78 33 9 10 84 71 -4 -22 -55 -10 76 -9 -9 -11 76 89 11 10 
992

Algorithm 4: Linear Results
565 78 33 9 10 84 71 -4 -22 -55 -10 76 -9 -9 -11 76 89 11 10 -33 9 
565 78 33 9 10 84 71 -4 -22 -55 -10 76 -9 -9 -11 76 89 11 10 
992

Algorithm 1: Enumeration Results
2 3 3 3 3 3 3 3 3 3 3 3 3 3 3 3 3 3 3 3 3 3 3 3 3 3 3 3 3 3 3 
2 3 3 3 3 3 3 3 3 3 3 3 3 3 3 3 3 3 3 3 3 3 3 3 3 3 3 3 3 3 3 
92

Algorithm 2: Better Enumeration Results
2 3 3 3 3 3 3 3 3 3 3 3 3 3 3 3 3 3 3 3 3 3 3 3 3 3 3 3 3 3 3 
2 3 3 3 3 3 3 3 3 3 3 3 3 3 3 3 3 3 3 3 3 3 3 3 3 3 3 3 3 3 3 
92

Algorithm 3: Divide and Conquer Results
2 3 3 3 3 3 3 3 3 3 3 3 3 3 3 3 3 3 3 3 3 3 3 3 3 3 3 3 3 3 3 
2 3 3 3 3 3 3 3 3 3 3 3 3 3 3 3 3 3 3 3 3 3 3 3 3 3 3 3 3 3 3 
92

Algorithm 4: Linear Results
2 3 3 3 3 3 3 3 3 3 3 3 3 3 3 3 3 3 3 3 3 3 3 3 3 3 3 3 3 3 3 
2 3 3 3 3 3 3 3 3 3 3 3 3 3 3 3 3 3 3 3 3 3 3 3 3 3 3 3 3 3 3 
92

Algorithm 1: Enumeration Results
2 
2 
2

Algorithm 2: Better Enumeration Results
2 
2 
2

Algorithm 3: Divide and Conquer Results
2 
2 
2

Algorithm 4: Linear Results
2 
2 
2

Algorithm 1: Enumeration Results
-1 -1 -1 -1 -1 -100 -10 -10 100 100 100 100 -100 100 10 -10 -1 
100 100 100 100 -100 100 10 
410

Algorithm 2: Better Enumeration Results
-1 -1 -1 -1 -1 -100 -10 -10 100 100 100 100 -100 100 10 -10 -1 
100 100 100 100 -100 100 10 
410

Algorithm 3: Divide and Conquer Results
-1 -1 -1 -1 -1 -100 -10 -10 100 100 100 100 -100 100 10 -10 -1 
100 100 100 100 -100 100 10 
410

Algorithm 4: Linear Results
-1 -1 -1 -1 -1 -100 -10 -10 100 100 100 100 -100 100 10 -10 -1 
100 100 100 100 -100 100 10 
410

Algorithm 1: Enumeration Results
12 23 44 -17 12 14 -88 -1 45 6 8 -33 2 8 -9 -33 -8 -23 -77 -89 1 9 13 -25 10 92 57 99 -22 
10 92 57 99 
258

Algorithm 2: Better Enumeration Results
12 23 44 -17 12 14 -88 -1 45 6 8 -33 2 8 -9 -33 -8 -23 -77 -89 1 9 13 -25 10 92 57 99 -22 
10 92 57 99 
258

Algorithm 3: Divide and Conquer Results
12 23 44 -17 12 14 -88 -1 45 6 8 -33 2 8 -9 -33 -8 -23 -77 -89 1 9 13 -25 10 92 57 99 -22 
10 92 57 99 
258

Algorithm 4: Linear Results
12 23 44 -17 12 14 -88 -1 45 6 8 -33 2 8 -9 -33 -8 -23 -77 -89 1 9 13 -25 10 92 57 99 -22 
10 92 57 99 
258

