Experimental Time Runs

Algorithm 1: Change Slow
A Values	Time (Seconds)	Optimal Solution	Denominations
25	0.036074	2	16
26	0.04364	1	16
27	0.051628	2	16
28	0.058655	1	16
29	0.071189	2	16
30	0.078709	1	16
31	0.091734	2	16
32	0.110294	2	16
33	0.130345	3	16
34	0.147893	2	16
35	0.173964	3	16
36	0.197525	2	16
37	0.226594	3	16
38	0.260694	2	16
39	0.300801	3	16
40	0.343913	2	16
41	0.393039	3	16
42	0.45374	2	16
43	0.524361	3	16
44	0.589068	2	16
45	0.678806	3	16
46	0.755534	2	16
47	0.863274	3	16
48	0.979104	2	16
49	1.101428	3	16
50	1.253334	2	16
51	1.407245	3	16
52	1.577196	2	16
53	1.785774	3	16
54	1.978301	2	16
55	2.235972	3	16
56	2.488143	2	16
57	2.810978	3	16
58	3.102801	2	16
59	3.494297	3	16
60	3.875685	2	16
61	4.520569	3	16
62	5.301646	3	16
63	5.438514	4	16
64	6.013498	3	16
65	6.623623	4	16
66	7.33452	3	16
67	8.217447	4	16
68	8.953833	3	16
69	10.090468	4	16
70	11.319622	3	16
71	12.31852	4	16
72	13.453934	3	16
73	14.653153	4	16
74	16.152695	3	16

Algorithm 2: Change Greedy
A Values	Time (Seconds)	Optimal Solution	Denominations
10000000	0.089279	333334	16
10000001	0.085226	333335	16
10000002	0.086224	333334	16
10000003	0.084225	333335	16
10000004	0.086228	333334	16
10000005	0.087733	333335	16
10000006	0.085227	333334	16
10000007	0.085727	333335	16
10000008	0.088272	333334	16
10000009	0.084701	333335	16
10000010	0.085241	333334	16
10000011	0.088736	333335	16
10000012	0.086269	333334	16
10000013	0.086732	333335	16
10000014	0.089236	333334	16
10000015	0.08576	333335	16
10000016	0.087695	333334	16
10000017	0.086729	333335	16
10000018	0.085226	333334	16
10000019	0.085226	333335	16
10000020	0.088235	333334	16
10000021	0.085728	333335	16
10000022	0.087733	333335	16
10000023	0.088235	333336	16
10000024	0.086227	333335	16
10000025	0.088235	333336	16
10000026	0.084222	333335	16
10000027	0.085729	333336	16
10000028	0.089237	333335	16
10000029	0.085226	333336	16
10000030	0.087733	333335	16
10000031	0.08623	333336	16
10000032	0.085727	333335	16
10000033	0.08673	333336	16
10000034	0.08673	333335	16
10000035	0.088737	333336	16
10000036	0.085727	333335	16
10000037	0.086268	333336	16
10000038	0.085227	333335	16
10000039	0.093247	333336	16
10000040	0.08673	333335	16
10000041	0.086731	333336	16
10000042	0.086228	333335	16
10000043	0.08673	333336	16
10000044	0.086729	333335	16
10000045	0.087731	333336	16
10000046	0.085728	333335	16
10000047	0.085728	333336	16
10000048	0.085729	333335	16
10000049	0.087272	333336	16
10000050	0.08772	333335	16
10000051	0.091242	333336	16
10000052	0.085729	333336	16
10000053	0.086219	333337	16
10000054	0.086723	333336	16
10000055	0.088276	333337	16
10000056	0.088759	333336	16
10000057	0.088277	333337	16
10000058	0.085227	333336	16
10000059	0.086229	333337	16
10000060	0.087775	333336	16
10000061	0.085227	333337	16
10000062	0.088736	333336	16
10000063	0.089238	333337	16
10000064	0.086731	333336	16
10000065	0.08727	333337	16
10000066	0.087275	333336	16
10000067	0.087732	333337	16
10000068	0.088736	333336	16
10000069	0.087772	333337	16
10000070	0.086227	333336	16
10000071	0.087272	333337	16
10000072	0.087221	333336	16
10000073	0.090781	333337	16
10000074	0.086732	333336	16
10000075	0.088235	333337	16
10000076	0.088232	333336	16
10000077	0.088235	333337	16
10000078	0.087734	333336	16
10000079	0.089697	333337	16
10000080	0.088274	333336	16
10000081	0.088234	333337	16
10000082	0.088278	333337	16
10000083	0.087777	333338	16
10000084	0.088698	333337	16
10000085	0.088268	333338	16
10000086	0.087734	333337	16
10000087	0.085729	333338	16
10000088	0.087734	333337	16
10000089	0.087734	333338	16
10000090	0.089247	333337	16
10000091	0.087772	333338	16
10000092	0.088277	333337	16
10000093	0.087733	333338	16
10000094	0.088234	333337	16
10000095	0.088779	333338	16
10000096	0.098722	333337	16
10000097	0.092285	333338	16
10000098	0.09178	333337	16
10000099	0.090239	333338	16
10000100	0.087774	333337	16

Algorithm 3: Change DP
A Values	Time (Seconds)	Optimal Solution	Denominations
100000	0.761025	3334	16
100001	0.763108	3335	16
100002	0.766139	3334	16
100003	0.768043	3335	16
100004	0.758017	3334	16
100005	0.789099	3335	16
100006	0.805147	3334	16
100007	0.845843	3335	16
100008	0.787595	3334	16
100009	0.773057	3335	16
100010	0.77456	3334	16
100011	0.788592	3335	16
100012	0.779073	3334	16
100013	0.778071	3335	16
100014	0.780074	3334	16
100015	0.804139	3335	16
100016	0.790109	3334	16
100017	0.780075	3335	16
100018	0.798624	3334	16
100019	0.792108	3335	16
100020	0.786686	3334	16
100021	0.774019	3335	16
100022	0.767039	3335	16
100023	0.783079	3336	16
100024	0.804144	3335	16
100025	0.871808	3336	16
100026	0.847842	3335	16
100027	0.815157	3336	16
100028	0.810663	3335	16
100029	0.775062	3336	16
100030	0.773109	3335	16
100031	0.777569	3336	16
100032	0.847253	3335	16
100033	0.766539	3336	16
100034	0.77506	3335	16
100035	0.789101	3336	16
100036	0.77357	3335	16
100037	0.775562	3336	16
100038	0.765035	3335	16
100039	0.788601	3336	16
100040	0.777566	3335	16
100041	0.768042	3336	16
100042	0.768546	3335	16
100043	0.771052	3336	16
100044	0.770547	3335	16
100045	0.779581	3336	16
100046	0.770048	3335	16
100047	0.770009	3336	16
100048	0.764032	3335	16
100049	0.776567	3336	16
100050	0.769045	3335	16
100051	0.764535	3336	16
100052	0.766538	3336	16
100053	0.768045	3337	16
100054	0.759519	3336	16
100055	0.764531	3337	16
100056	0.767041	3336	16
100057	0.770564	3337	16
100058	0.768043	3336	16
100059	0.774057	3337	16
100060	0.767556	3336	16
100061	0.765535	3337	16
100062	0.762529	3336	16
100063	0.772059	3337	16
100064	0.782581	3336	16
100065	0.767542	3337	16
100066	0.810658	3336	16
100067	0.762507	3337	16
100068	0.770549	3336	16
100069	0.778069	3337	16
100070	0.788096	3336	16
100071	0.774548	3337	16
100072	0.769559	3336	16
100073	0.776103	3337	16
100074	0.770048	3336	16
100075	0.78609	3337	16
100076	0.78158	3336	16
100077	0.783077	3337	16
100078	0.787613	3336	16
100079	0.780035	3337	16
100080	0.784092	3336	16
100081	0.76608	3337	16
100082	0.787134	3337	16
100083	0.790643	3338	16
100084	0.780578	3337	16
100085	0.783586	3338	16
100086	0.782582	3337	16
100087	0.782617	3338	16
100088	0.777035	3337	16
100089	0.792643	3338	16
100090	0.787136	3337	16
100091	0.786092	3338	16
100092	0.785582	3337	16
100093	0.781541	3338	16
100094	0.776605	3337	16
100095	0.796158	3338	16
100096	0.779074	3337	16
100097	0.778567	3338	16
100098	0.787095	3337	16
100099	0.780076	3338	16
100100	0.790147	3337	16
